240 5
1 1 2 3 4 5
2 1 2 3 5 4
3 1 2 4 3 5
4 1 2 4 5 3
5 1 2 5 3 4
6 1 2 5 4 3
7 1 3 2 4 5
8 1 3 2 5 4
9 1 3 4 2 5
10 1 3 4 5 2
11 1 3 5 2 4
12 1 3 5 4 2
13 1 4 2 3 5
14 1 4 2 5 3
15 1 4 3 2 5
16 1 4 3 5 2
17 1 4 5 2 3
18 1 4 5 3 2
19 1 5 2 3 4
20 1 5 2 4 3
21 1 5 3 2 4
22 1 5 3 4 2
23 1 5 4 2 3
24 1 5 4 3 2
25 2 1 3 4 5
26 2 1 3 5 4
27 2 1 4 3 5
28 2 1 4 5 3
29 2 1 5 3 4
30 2 1 5 4 3
31 2 3 1 4 5
32 2 3 1 5 4
33 2 3 4 1 5
34 2 3 4 5 1
35 2 3 5 1 4
36 2 3 5 4 1
37 2 4 1 3 5
38 2 4 1 5 3
39 2 4 3 1 5
40 2 4 3 5 1
41 2 4 5 1 3
42 2 4 5 3 1
43 2 5 1 3 4
44 2 5 1 4 3
45 2 5 3 1 4
46 2 5 3 4 1
47 2 5 4 1 3
48 2 5 4 3 1
49 3 1 2 4 5
50 3 1 2 5 4
51 3 1 4 2 5
52 3 1 4 5 2
53 3 1 5 2 4
54 3 1 5 4 2
55 3 2 1 4 5
56 3 2 1 5 4
57 3 2 4 1 5
58 3 2 4 5 1
59 3 2 5 1 4
60 3 2 5 4 1
61 3 4 1 2 5
62 3 4 1 5 2
63 3 4 2 1 5
64 3 4 2 5 1
65 3 4 5 1 2
66 3 4 5 2 1
67 3 5 1 2 4
68 3 5 1 4 2
69 3 5 2 1 4
70 3 5 2 4 1
71 3 5 4 1 2
72 3 5 4 2 1
73 4 1 2 3 5
74 4 1 2 5 3
75 4 1 3 2 5
76 4 1 3 5 2
77 4 1 5 2 3
78 4 1 5 3 2
79 4 2 1 3 5
80 4 2 1 5 3
81 4 2 3 1 5
82 4 2 3 5 1
83 4 2 5 1 3
84 4 2 5 3 1
85 4 3 1 2 5
86 4 3 1 5 2
87 4 3 2 1 5
88 4 3 2 5 1
89 4 3 5 1 2
90 4 3 5 2 1
91 4 5 1 2 3
92 4 5 1 3 2
93 4 5 2 1 3
94 4 5 2 3 1
95 4 5 3 1 2
96 4 5 3 2 1
97 5 1 2 3 4
98 5 1 2 4 3
99 5 1 3 2 4
100 5 1 3 4 2
101 5 1 4 2 3
102 5 1 4 3 2
103 5 2 1 3 4
104 5 2 1 4 3
105 5 2 3 1 4
106 5 2 3 4 1
107 5 2 4 1 3
108 5 2 4 3 1
109 5 3 1 2 4
110 5 3 1 4 2
111 5 3 2 1 4
112 5 3 2 4 1
113 5 3 4 1 2
114 5 3 4 2 1
115 5 4 1 2 3
116 5 4 1 3 2
117 5 4 2 1 3
118 5 4 2 3 1
119 5 4 3 1 2
120 5 4 3 2 1
121 1 2 3 4 5
122 1 2 3 5 4
123 1 2 4 3 5
124 1 2 4 5 3
125 1 2 5 3 4
126 1 2 5 4 3
127 1 3 2 4 5
128 1 3 2 5 4
129 1 3 4 2 5
130 1 3 4 5 2
131 1 3 5 2 4
132 1 3 5 4 2
133 1 4 2 3 5
134 1 4 2 5 3
135 1 4 3 2 5
136 1 4 3 5 2
137 1 4 5 2 3
138 1 4 5 3 2
139 1 5 2 3 4
140 1 5 2 4 3
141 1 5 3 2 4
142 1 5 3 4 2
143 1 5 4 2 3
144 1 5 4 3 2
145 2 1 3 4 5
146 2 1 3 5 4
147 2 1 4 3 5
148 2 1 4 5 3
149 2 1 5 3 4
150 2 1 5 4 3
151 2 3 1 4 5
152 2 3 1 5 4
153 2 3 4 1 5
154 2 3 4 5 1
155 2 3 5 1 4
156 2 3 5 4 1
157 2 4 1 3 5
158 2 4 1 5 3
159 2 4 3 1 5
160 2 4 3 5 1
161 2 4 5 1 3
162 2 4 5 3 1
163 2 5 1 3 4
164 2 5 1 4 3
165 2 5 3 1 4
166 2 5 3 4 1
167 2 5 4 1 3
168 2 5 4 3 1
169 3 1 2 4 5
170 3 1 2 5 4
171 3 1 4 2 5
172 3 1 4 5 2
173 3 1 5 2 4
174 3 1 5 4 2
175 3 2 1 4 5
176 3 2 1 5 4
177 3 2 4 1 5
178 3 2 4 5 1
179 3 2 5 1 4
180 3 2 5 4 1
181 3 4 1 2 5
182 3 4 1 5 2
183 3 4 2 1 5
184 3 4 2 5 1
185 3 4 5 1 2
186 3 4 5 2 1
187 3 5 1 2 4
188 3 5 1 4 2
189 3 5 2 1 4
190 3 5 2 4 1
191 3 5 4 1 2
192 3 5 4 2 1
193 4 1 2 3 5
194 4 1 2 5 3
195 4 1 3 2 5
196 4 1 3 5 2
197 4 1 5 2 3
198 4 1 5 3 2
199 4 2 1 3 5
200 4 2 1 5 3
201 4 2 3 1 5
202 4 2 3 5 1
203 4 2 5 1 3
204 4 2 5 3 1
205 4 3 1 2 5
206 4 3 1 5 2
207 4 3 2 1 5
208 4 3 2 5 1
209 4 3 5 1 2
210 4 3 5 2 1
211 4 5 1 2 3
212 4 5 1 3 2
213 4 5 2 1 3
214 4 5 2 3 1
215 4 5 3 1 2
216 4 5 3 2 1
217 5 1 2 3 4
218 5 1 2 4 3
219 5 1 3 2 4
220 5 1 3 4 2
221 5 1 4 2 3
222 5 1 4 3 2
223 5 2 1 3 4
224 5 2 1 4 3
225 5 2 3 1 4
226 5 2 3 4 1
227 5 2 4 1 3
228 5 2 4 3 1
229 5 3 1 2 4
230 5 3 1 4 2
231 5 3 2 1 4
232 5 3 2 4 1
233 5 3 4 1 2
234 5 3 4 2 1
235 5 4 1 2 3
236 5 4 1 3 2
237 5 4 2 1 3
238 5 4 2 3 1
239 5 4 3 1 2
240 5 4 3 2 1