1000 5
1 3 1 2 5 4
2 4 5 2 1 3
3 2 1 4 3 5
4 5 4 1 2 3
5 4 1 2 5 3
6 3 2 1 5 4
7 2 4 3 1 5
8 1 5 2 4 3
9 5 2 1 3 4
10 4 2 1 5 3
11 3 2 5 1 4
12 2 1 5 3 4
13 5 3 2 1 4
14 2 1 3 5 4
15 1 5 4 2 3
16 5 3 4 2 1
17 2 3 1 5 4
18 2 1 3 4 5
19 2 3 1 4 5
20 1 5 4 2 3
21 3 5 1 2 4
22 5 3 1 2 4
23 5 3 2 4 1
24 4 1 3 5 2
25 4 5 1 2 3
26 4 5 1 2 3
27 5 2 1 3 4
28 4 2 3 1 5
29 1 4 2 5 3
30 1 5 4 3 2
31 2 4 3 1 5
32 5 3 4 1 2
33 2 1 5 3 4
34 5 4 2 3 1
35 5 1 3 4 2
36 1 2 4 5 3
37 4 3 2 1 5
38 3 4 2 5 1
39 4 2 5 1 3
40 1 2 5 3 4
41 1 3 4 5 2
42 4 2 3 1 5
43 4 5 1 3 2
44 3 2 5 4 1
45 3 1 5 4 2
46 5 3 1 2 4
47 4 1 3 5 2
48 2 3 4 5 1
49 4 1 3 5 2
50 2 3 5 4 1
51 4 3 2 1 5
52 4 5 3 2 1
53 3 2 4 1 5
54 4 1 5 2 3
55 5 4 2 3 1
56 5 1 4 2 3
57 5 3 1 4 2
58 1 2 5 3 4
59 1 2 3 5 4
60 5 1 3 2 4
61 3 2 1 4 5
62 2 5 4 1 3
63 1 3 4 2 5
64 5 2 3 4 1
65 4 1 3 5 2
66 4 3 1 2 5
67 1 2 3 5 4
68 1 3 4 5 2
69 1 4 5 3 2
70 3 1 5 2 4
71 5 2 1 3 4
72 1 5 4 2 3
73 2 1 5 3 4
74 1 3 4 2 5
75 1 4 2 3 5
76 3 1 4 2 5
77 1 5 3 4 2
78 3 4 5 1 2
79 3 4 1 2 5
80 4 2 3 1 5
81 5 3 4 2 1
82 1 3 2 5 4
83 3 4 1 5 2
84 3 1 4 2 5
85 5 1 2 3 4
86 5 3 2 4 1
87 4 1 2 5 3
88 4 5 2 1 3
89 4 3 2 5 1
90 2 3 1 5 4
91 4 3 1 2 5
92 3 1 4 5 2
93 2 1 3 4 5
94 3 1 2 5 4
95 5 2 4 3 1
96 3 2 1 4 5
97 2 3 5 1 4
98 1 4 2 5 3
99 4 3 2 5 1
100 2 3 5 4 1
101 3 2 5 1 4
102 5 1 3 2 4
103 3 4 5 1 2
104 4 1 3 5 2
105 1 3 4 2 5
106 2 1 3 5 4
107 5 3 4 2 1
108 4 3 2 5 1
109 4 3 2 1 5
110 5 1 3 4 2
111 3 1 2 4 5
112 4 5 1 3 2
113 5 1 3 2 4
114 2 4 3 1 5
115 4 1 3 5 2
116 4 3 5 2 1
117 4 2 3 5 1
118 2 3 4 5 1
119 4 3 1 2 5
120 4 1 2 3 5
121 3 1 4 2 5
122 2 1 4 3 5
123 3 4 1 5 2
124 3 4 5 1 2
125 4 2 3 5 1
126 5 1 2 3 4
127 4 3 1 2 5
128 2 4 3 1 5
129 1 4 5 3 2
130 1 2 4 5 3
131 1 3 2 5 4
132 4 3 2 1 5
133 4 1 3 5 2
134 4 5 3 2 1
135 4 5 1 3 2
136 4 1 5 3 2
137 3 4 1 5 2
138 2 3 5 4 1
139 2 3 5 4 1
140 3 4 5 2 1
141 5 2 4 1 3
142 4 1 3 5 2
143 5 2 4 1 3
144 1 2 3 5 4
145 3 4 1 2 5
146 1 2 4 3 5
147 3 2 5 1 4
148 4 3 2 5 1
149 2 4 1 5 3
150 5 1 4 2 3
151 4 5 1 3 2
152 1 2 3 5 4
153 4 1 2 3 5
154 5 4 2 1 3
155 4 3 2 1 5
156 1 3 5 2 4
157 2 4 1 5 3
158 3 4 2 1 5
159 4 5 1 2 3
160 2 1 3 5 4
161 5 1 4 3 2
162 3 4 5 1 2
163 1 3 4 2 5
164 3 2 1 4 5
165 5 4 3 2 1
166 4 5 1 3 2
167 5 3 2 1 4
168 5 1 3 4 2
169 3 5 4 1 2
170 3 1 4 2 5
171 5 4 3 2 1
172 5 2 4 1 3
173 4 3 2 5 1
174 3 4 1 5 2
175 2 5 1 4 3
176 5 4 3 1 2
177 4 1 2 5 3
178 3 1 2 4 5
179 1 4 2 3 5
180 1 3 5 4 2
181 1 2 3 4 5
182 1 3 5 4 2
183 3 1 4 2 5
184 3 5 4 2 1
185 2 3 1 4 5
186 5 1 2 3 4
187 3 4 5 1 2
188 2 1 5 3 4
189 3 4 5 1 2
190 1 3 5 2 4
191 3 4 5 1 2
192 3 2 5 4 1
193 5 3 1 4 2
194 2 3 5 4 1
195 1 3 5 4 2
196 4 1 2 3 5
197 2 4 1 5 3
198 1 4 2 3 5
199 5 1 3 4 2
200 5 4 2 3 1
201 3 5 4 2 1
202 4 1 2 5 3
203 4 2 5 3 1
204 5 2 1 4 3
205 5 3 1 4 2
206 4 2 5 3 1
207 5 1 4 3 2
208 4 5 1 3 2
209 3 5 4 1 2
210 5 1 3 4 2
211 4 1 3 2 5
212 3 5 1 4 2
213 5 2 1 4 3
214 2 5 1 4 3
215 3 4 5 1 2
216 2 1 4 3 5
217 4 2 1 5 3
218 1 5 3 4 2
219 3 4 2 5 1
220 1 3 4 5 2
221 3 2 4 5 1
222 4 2 5 1 3
223 1 5 2 3 4
224 3 2 1 5 4
225 2 5 1 3 4
226 3 2 4 5 1
227 3 4 1 2 5
228 2 5 3 4 1
229 4 5 2 3 1
230 5 4 2 3 1
231 5 3 4 2 1
232 2 3 4 5 1
233 4 3 5 1 2
234 5 3 1 4 2
235 3 5 2 1 4
236 5 4 1 2 3
237 1 2 4 5 3
238 5 3 4 2 1
239 2 4 3 1 5
240 5 4 3 1 2
241 3 4 2 5 1
242 4 2 3 1 5
243 3 4 5 2 1
244 2 5 1 3 4
245 5 3 2 1 4
246 1 4 3 5 2
247 2 5 3 4 1
248 3 5 4 2 1
249 3 4 1 5 2
250 1 3 5 2 4
251 3 1 4 5 2
252 1 4 2 3 5
253 5 3 4 1 2
254 5 3 2 1 4
255 3 1 5 2 4
256 2 1 4 5 3
257 2 4 3 5 1
258 1 5 4 2 3
259 4 2 1 5 3
260 1 5 2 4 3
261 1 5 3 4 2
262 5 3 1 2 4
263 4 5 3 2 1
264 2 1 4 5 3
265 5 4 1 3 2
266 3 1 4 5 2
267 5 1 3 4 2
268 4 3 1 5 2
269 3 2 1 4 5
270 4 2 1 3 5
271 1 5 2 3 4
272 2 3 5 4 1
273 3 4 2 1 5
274 1 5 2 4 3
275 3 2 5 4 1
276 1 3 2 4 5
277 3 4 1 5 2
278 5 4 1 3 2
279 2 3 4 1 5
280 4 5 2 1 3
281 2 5 4 1 3
282 4 3 5 2 1
283 5 4 2 1 3
284 4 3 1 5 2
285 4 2 5 1 3
286 2 4 1 5 3
287 2 5 4 1 3
288 4 5 2 3 1
289 1 5 4 3 2
290 5 4 1 2 3
291 1 2 4 5 3
292 2 1 5 3 4
293 1 3 4 5 2
294 4 2 5 1 3
295 4 3 5 1 2
296 3 1 4 5 2
297 1 3 4 2 5
298 1 3 4 2 5
299 1 4 3 5 2
300 3 5 4 2 1
301 2 1 5 3 4
302 1 5 3 4 2
303 3 5 1 4 2
304 3 2 1 5 4
305 4 5 1 3 2
306 4 1 2 5 3
307 1 2 4 3 5
308 1 4 5 2 3
309 3 5 1 4 2
310 4 1 5 3 2
311 1 3 5 2 4
312 5 4 1 2 3
313 3 4 5 1 2
314 2 1 5 4 3
315 1 2 4 3 5
316 1 3 4 5 2
317 2 4 1 3 5
318 4 2 5 1 3
319 4 3 2 5 1
320 2 4 3 5 1
321 4 1 5 3 2
322 3 2 4 5 1
323 5 4 2 1 3
324 1 2 3 4 5
325 3 4 1 2 5
326 4 1 3 5 2
327 3 4 5 2 1
328 5 3 1 4 2
329 4 5 1 2 3
330 4 3 1 5 2
331 3 2 5 4 1
332 3 1 2 4 5
333 5 4 2 3 1
334 2 4 1 3 5
335 1 2 4 5 3
336 3 5 4 2 1
337 1 2 4 5 3
338 1 3 5 2 4
339 5 4 2 1 3
340 2 5 3 1 4
341 4 1 5 2 3
342 1 3 2 5 4
343 4 1 5 2 3
344 4 3 5 2 1
345 3 5 1 4 2
346 2 5 4 3 1
347 5 4 2 3 1
348 4 2 5 1 3
349 2 4 1 3 5
350 5 2 4 1 3
351 3 4 5 2 1
352 2 5 3 4 1
353 3 4 5 1 2
354 1 5 2 3 4
355 1 5 4 2 3
356 4 2 3 5 1
357 3 5 1 2 4
358 1 5 3 4 2
359 4 3 5 2 1
360 1 3 4 2 5
361 4 2 5 1 3
362 1 3 2 4 5
363 1 4 3 5 2
364 3 4 5 2 1
365 3 1 4 5 2
366 2 5 3 1 4
367 4 3 2 1 5
368 4 3 2 5 1
369 4 5 1 2 3
370 3 2 4 1 5
371 5 1 3 2 4
372 4 3 2 5 1
373 5 3 1 2 4
374 5 1 2 4 3
375 3 1 5 4 2
376 4 5 1 3 2
377 3 2 4 5 1
378 4 1 5 2 3
379 3 2 5 1 4
380 1 3 4 2 5
381 3 4 2 1 5
382 2 5 4 3 1
383 5 4 1 2 3
384 1 4 5 3 2
385 1 4 3 5 2
386 5 1 2 3 4
387 2 3 1 4 5
388 3 5 1 2 4
389 2 4 1 5 3
390 3 4 1 5 2
391 4 2 5 1 3
392 3 2 5 1 4
393 5 1 4 2 3
394 2 4 1 3 5
395 1 2 4 3 5
396 4 1 2 5 3
397 2 4 3 5 1
398 2 1 5 4 3
399 3 2 1 4 5
400 2 5 3 4 1
401 4 2 3 5 1
402 1 2 3 4 5
403 2 1 5 3 4
404 3 1 2 4 5
405 2 3 4 1 5
406 2 4 1 5 3
407 1 2 3 4 5
408 4 1 5 3 2
409 2 5 1 4 3
410 2 1 4 5 3
411 1 5 3 2 4
412 2 4 3 5 1
413 5 1 2 4 3
414 4 5 3 1 2
415 5 3 1 4 2
416 5 4 3 2 1
417 2 5 3 1 4
418 1 5 3 4 2
419 1 3 2 4 5
420 4 5 2 3 1
421 1 2 4 3 5
422 3 2 4 1 5
423 3 5 1 4 2
424 2 5 1 4 3
425 5 2 4 3 1
426 5 4 3 2 1
427 1 4 2 5 3
428 2 5 1 3 4
429 2 4 3 1 5
430 2 3 5 1 4
431 3 1 4 5 2
432 1 5 2 3 4
433 1 3 2 5 4
434 5 2 3 1 4
435 1 4 2 5 3
436 5 1 4 3 2
437 3 5 1 2 4
438 4 2 5 3 1
439 5 4 3 2 1
440 4 5 1 3 2
441 1 2 4 3 5
442 2 1 5 4 3
443 5 2 1 4 3
444 1 2 5 3 4
445 5 4 2 1 3
446 4 1 3 2 5
447 2 3 4 5 1
448 4 1 2 3 5
449 4 1 5 3 2
450 5 3 1 4 2
451 1 4 3 5 2
452 3 1 4 5 2
453 1 5 3 2 4
454 2 1 3 4 5
455 4 1 3 5 2
456 4 3 1 5 2
457 3 2 5 1 4
458 2 1 4 5 3
459 4 3 2 1 5
460 3 4 1 2 5
461 5 1 4 3 2
462 3 4 2 1 5
463 5 4 1 3 2
464 2 3 4 1 5
465 3 1 4 2 5
466 3 5 1 2 4
467 5 4 3 1 2
468 2 4 1 5 3
469 1 3 5 2 4
470 3 5 2 1 4
471 4 1 5 2 3
472 1 4 5 3 2
473 5 2 1 3 4
474 2 4 1 5 3
475 3 1 4 2 5
476 2 3 1 5 4
477 5 3 1 2 4
478 3 5 2 1 4
479 2 4 3 5 1
480 2 4 1 3 5
481 4 2 1 3 5
482 1 3 4 5 2
483 4 1 3 2 5
484 2 3 4 1 5
485 1 3 5 4 2
486 5 1 4 3 2
487 5 1 2 4 3
488 4 5 1 2 3
489 2 4 1 5 3
490 4 3 2 1 5
491 4 3 5 1 2
492 5 3 1 2 4
493 5 2 3 4 1
494 1 3 4 2 5
495 3 1 2 5 4
496 4 2 1 3 5
497 5 4 2 1 3
498 2 4 5 1 3
499 2 3 5 1 4
500 3 4 5 2 1
501 2 5 1 3 4
502 5 1 2 3 4
503 5 2 1 4 3
504 1 4 3 2 5
505 2 4 1 3 5
506 1 3 2 5 4
507 3 2 5 4 1
508 2 4 5 3 1
509 3 2 1 4 5
510 1 4 3 2 5
511 5 4 1 3 2
512 1 2 4 3 5
513 4 5 2 3 1
514 3 5 1 2 4
515 1 4 3 2 5
516 5 4 2 3 1
517 4 5 3 1 2
518 1 2 3 5 4
519 5 3 4 2 1
520 1 2 5 3 4
521 1 5 4 3 2
522 1 2 3 5 4
523 4 5 3 1 2
524 1 2 4 3 5
525 4 5 1 3 2
526 4 1 3 5 2
527 3 2 5 4 1
528 1 3 2 5 4
529 3 4 5 1 2
530 1 4 5 3 2
531 3 1 2 5 4
532 5 4 1 2 3
533 5 4 2 1 3
534 4 5 2 1 3
535 2 1 3 5 4
536 4 5 2 1 3
537 2 3 4 5 1
538 4 3 1 5 2
539 2 5 3 4 1
540 3 2 5 4 1
541 2 1 4 5 3
542 2 5 4 3 1
543 1 4 3 2 5
544 2 1 5 4 3
545 1 5 3 2 4
546 5 3 1 2 4
547 4 5 3 2 1
548 1 5 4 3 2
549 5 4 3 1 2
550 2 1 4 3 5
551 1 5 4 2 3
552 2 5 3 1 4
553 2 4 3 5 1
554 4 1 5 2 3
555 1 3 5 4 2
556 2 3 1 4 5
557 1 4 2 5 3
558 5 4 2 1 3
559 2 5 4 1 3
560 3 4 2 1 5
561 1 4 3 5 2
562 4 1 5 3 2
563 5 4 1 3 2
564 1 3 4 5 2
565 5 1 2 4 3
566 4 5 3 1 2
567 1 3 4 5 2
568 4 1 2 5 3
569 1 2 3 4 5
570 5 2 4 3 1
571 3 4 2 1 5
572 5 4 2 1 3
573 4 3 2 1 5
574 5 3 2 4 1
575 1 4 2 3 5
576 3 2 4 5 1
577 5 1 2 4 3
578 5 3 4 1 2
579 1 3 2 5 4
580 4 5 2 3 1
581 5 2 4 3 1
582 2 1 5 4 3
583 4 5 1 3 2
584 2 1 5 3 4
585 4 2 5 3 1
586 3 5 2 4 1
587 2 1 5 3 4
588 5 1 3 2 4
589 1 2 3 5 4
590 1 2 5 3 4
591 3 5 1 4 2
592 4 5 3 1 2
593 4 2 5 1 3
594 3 2 4 1 5
595 3 5 2 4 1
596 4 3 1 2 5
597 5 2 3 1 4
598 4 5 2 1 3
599 5 3 4 1 2
600 3 5 1 4 2
601 4 1 2 3 5
602 1 2 4 5 3
603 2 1 4 5 3
604 3 4 5 2 1
605 4 1 5 2 3
606 3 4 1 5 2
607 4 2 5 3 1
608 1 2 4 5 3
609 5 3 2 4 1
610 2 4 3 1 5
611 2 4 3 5 1
612 4 1 5 2 3
613 3 4 2 1 5
614 3 5 1 4 2
615 2 3 1 4 5
616 1 5 4 2 3
617 5 1 4 3 2
618 3 1 4 2 5
619 1 3 5 2 4
620 3 5 1 4 2
621 4 3 2 1 5
622 4 3 1 2 5
623 3 5 1 2 4
624 2 1 5 4 3
625 2 5 1 3 4
626 5 3 1 2 4
627 5 1 4 2 3
628 2 5 4 3 1
629 2 4 1 3 5
630 4 3 2 5 1
631 4 1 2 5 3
632 3 1 4 5 2
633 2 1 3 5 4
634 4 5 3 1 2
635 3 1 5 4 2
636 2 1 5 3 4
637 4 3 5 2 1
638 1 5 3 2 4
639 1 4 3 2 5
640 5 1 2 3 4
641 1 3 5 2 4
642 3 2 5 4 1
643 5 1 3 2 4
644 2 5 1 3 4
645 5 3 1 2 4
646 1 2 3 5 4
647 2 1 3 4 5
648 1 4 3 5 2
649 4 3 2 1 5
650 5 3 2 4 1
651 1 4 5 3 2
652 4 2 1 3 5
653 1 4 3 5 2
654 1 4 5 3 2
655 5 4 3 1 2
656 3 1 2 4 5
657 2 5 1 3 4
658 2 3 1 5 4
659 3 2 4 1 5
660 5 2 3 4 1
661 1 2 3 4 5
662 2 4 5 1 3
663 5 2 4 1 3
664 3 1 5 4 2
665 4 2 3 1 5
666 5 2 3 4 1
667 5 1 3 2 4
668 3 2 1 5 4
669 5 3 1 2 4
670 4 3 5 2 1
671 1 5 3 4 2
672 4 5 2 1 3
673 2 1 5 4 3
674 2 5 4 3 1
675 2 3 4 1 5
676 3 5 2 4 1
677 1 4 3 5 2
678 1 4 2 3 5
679 2 5 3 1 4
680 3 2 1 5 4
681 5 1 2 4 3
682 1 5 4 2 3
683 1 5 4 3 2
684 3 5 4 1 2
685 5 4 3 2 1
686 5 3 1 2 4
687 3 4 5 1 2
688 1 4 2 5 3
689 1 3 2 5 4
690 3 5 2 4 1
691 2 4 1 5 3
692 5 1 2 4 3
693 5 4 3 1 2
694 1 2 4 5 3
695 5 2 4 3 1
696 5 2 3 4 1
697 3 2 1 4 5
698 1 2 5 4 3
699 4 5 3 1 2
700 3 1 4 2 5
701 4 2 1 5 3
702 1 3 2 5 4
703 3 5 4 1 2
704 3 1 2 5 4
705 2 1 3 4 5
706 2 3 1 4 5
707 4 1 5 3 2
708 2 1 4 3 5
709 4 5 1 3 2
710 1 4 2 3 5
711 5 4 1 3 2
712 2 4 1 5 3
713 4 2 5 1 3
714 2 1 5 3 4
715 2 4 3 5 1
716 2 4 5 3 1
717 5 1 2 4 3
718 3 5 1 4 2
719 5 2 3 4 1
720 1 4 5 3 2
721 4 2 1 5 3
722 4 2 3 5 1
723 4 1 3 5 2
724 4 1 2 3 5
725 4 2 3 1 5
726 4 3 1 2 5
727 5 3 2 4 1
728 2 5 4 3 1
729 3 4 1 2 5
730 3 4 1 5 2
731 1 4 5 2 3
732 1 3 5 4 2
733 5 1 4 2 3
734 1 5 3 2 4
735 2 5 1 4 3
736 5 3 4 1 2
737 5 1 4 2 3
738 2 5 3 4 1
739 5 3 1 4 2
740 4 3 2 5 1
741 4 5 1 3 2
742 3 5 4 2 1
743 4 3 5 2 1
744 4 1 2 3 5
745 5 3 2 1 4
746 1 4 5 3 2
747 1 3 4 5 2
748 2 5 4 1 3
749 5 2 4 1 3
750 5 2 3 4 1
751 4 3 1 2 5
752 3 2 4 5 1
753 5 1 2 3 4
754 2 5 4 1 3
755 3 5 1 4 2
756 5 1 2 4 3
757 5 2 1 4 3
758 2 5 4 1 3
759 1 5 4 2 3
760 4 2 1 3 5
761 4 2 1 3 5
762 4 3 5 1 2
763 5 3 2 4 1
764 4 5 2 1 3
765 2 1 3 4 5
766 3 4 5 2 1
767 3 5 4 1 2
768 2 5 4 3 1
769 3 5 4 2 1
770 2 3 4 5 1
771 2 4 3 5 1
772 5 2 1 3 4
773 2 3 5 1 4
774 1 4 2 3 5
775 2 1 4 5 3
776 1 3 2 4 5
777 4 5 3 2 1
778 4 1 3 5 2
779 3 5 2 4 1
780 3 1 4 2 5
781 4 3 1 5 2
782 5 4 2 3 1
783 2 4 1 5 3
784 2 5 1 4 3
785 1 2 3 4 5
786 2 3 4 1 5
787 1 5 4 2 3
788 4 2 1 3 5
789 3 1 4 5 2
790 5 4 1 2 3
791 1 2 5 3 4
792 3 1 4 2 5
793 1 3 5 2 4
794 3 5 1 4 2
795 5 3 4 2 1
796 2 1 4 3 5
797 5 1 4 3 2
798 5 4 3 2 1
799 2 3 4 5 1
800 2 4 1 3 5
801 2 3 1 4 5
802 1 4 3 5 2
803 4 1 2 3 5
804 4 2 3 1 5
805 3 4 5 2 1
806 3 5 2 4 1
807 5 2 3 4 1
808 1 3 5 4 2
809 4 5 3 2 1
810 1 4 3 2 5
811 4 1 2 3 5
812 5 2 1 4 3
813 3 5 1 4 2
814 1 4 5 2 3
815 4 5 3 2 1
816 2 4 3 5 1
817 2 1 4 5 3
818 4 5 1 3 2
819 1 3 4 2 5
820 2 3 4 1 5
821 2 4 1 3 5
822 3 5 4 1 2
823 5 2 1 4 3
824 5 2 4 3 1
825 4 1 5 2 3
826 4 3 5 1 2
827 2 4 5 1 3
828 5 3 4 2 1
829 5 4 3 2 1
830 4 5 1 2 3
831 1 2 5 4 3
832 2 3 4 1 5
833 4 2 3 1 5
834 5 4 1 3 2
835 4 3 2 5 1
836 4 1 5 2 3
837 3 1 4 5 2
838 2 4 5 1 3
839 4 1 2 3 5
840 3 5 2 4 1
841 2 1 4 5 3
842 3 5 4 2 1
843 3 5 1 4 2
844 4 2 3 1 5
845 5 2 1 3 4
846 1 3 5 4 2
847 1 2 4 3 5
848 3 4 5 2 1
849 5 3 4 2 1
850 1 5 2 4 3
851 2 1 4 5 3
852 1 2 3 5 4
853 5 2 4 3 1
854 4 5 2 1 3
855 5 2 4 3 1
856 2 3 4 1 5
857 1 5 2 4 3
858 2 5 1 4 3
859 2 4 1 5 3
860 4 2 5 1 3
861 2 5 1 3 4
862 5 3 1 2 4
863 2 1 4 3 5
864 3 4 1 2 5
865 2 1 4 3 5
866 5 3 2 4 1
867 3 2 4 1 5
868 2 5 3 1 4
869 5 3 1 4 2
870 5 3 2 4 1
871 2 1 4 3 5
872 5 2 3 1 4
873 3 5 2 1 4
874 5 2 1 3 4
875 1 3 2 5 4
876 5 2 4 3 1
877 5 1 2 4 3
878 2 3 4 5 1
879 1 5 2 3 4
880 1 2 3 4 5
881 5 1 2 4 3
882 2 3 1 4 5
883 1 5 3 2 4
884 2 3 5 1 4
885 2 3 1 4 5
886 4 1 3 2 5
887 1 3 2 4 5
888 2 1 5 4 3
889 1 2 4 3 5
890 5 1 2 4 3
891 1 4 3 2 5
892 4 1 3 5 2
893 2 3 1 5 4
894 2 3 1 5 4
895 3 2 4 5 1
896 4 3 2 1 5
897 4 2 3 5 1
898 2 1 3 4 5
899 2 1 5 4 3
900 3 5 4 2 1
901 1 5 3 4 2
902 4 3 1 2 5
903 1 2 5 4 3
904 5 3 4 1 2
905 5 2 3 1 4
906 2 4 5 3 1
907 1 3 4 5 2
908 1 2 4 3 5
909 1 4 2 3 5
910 3 2 4 5 1
911 5 4 1 3 2
912 4 2 1 3 5
913 1 2 4 5 3
914 2 3 1 5 4
915 1 2 3 4 5
916 4 5 1 2 3
917 2 1 3 4 5
918 4 2 3 5 1
919 3 1 5 2 4
920 3 2 5 1 4
921 1 5 2 3 4
922 2 5 4 3 1
923 3 4 2 5 1
924 3 5 2 1 4
925 2 3 4 1 5
926 1 5 3 2 4
927 4 1 3 5 2
928 2 3 5 1 4
929 4 3 5 2 1
930 5 1 4 3 2
931 3 4 5 1 2
932 5 1 3 4 2
933 4 3 1 5 2
934 2 3 4 1 5
935 4 2 3 1 5
936 4 3 5 1 2
937 5 2 3 4 1
938 3 2 5 4 1
939 4 2 3 5 1
940 1 5 4 2 3
941 2 4 3 1 5
942 2 5 4 3 1
943 1 4 3 2 5
944 3 4 5 2 1
945 3 5 1 2 4
946 5 1 3 4 2
947 1 4 5 3 2
948 1 3 4 2 5
949 1 2 5 3 4
950 1 4 3 2 5
951 3 4 1 2 5
952 5 4 2 1 3
953 3 2 5 1 4
954 1 2 3 4 5
955 1 2 3 4 5
956 1 4 2 3 5
957 4 1 5 3 2
958 1 2 4 3 5
959 1 4 2 3 5
960 2 1 5 4 3
961 4 5 2 1 3
962 4 1 5 2 3
963 5 3 2 4 1
964 3 2 1 5 4
965 5 2 3 4 1
966 2 5 3 4 1
967 4 1 5 3 2
968 5 1 2 3 4
969 3 1 4 2 5
970 3 1 5 2 4
971 4 5 2 1 3
972 1 4 5 2 3
973 5 1 2 3 4
974 5 3 2 1 4
975 1 2 5 3 4
976 3 5 4 1 2
977 1 4 5 3 2
978 5 1 4 3 2
979 1 3 5 4 2
980 3 2 4 5 1
981 1 2 4 3 5
982 5 2 4 1 3
983 3 1 2 5 4
984 2 5 4 3 1
985 4 1 2 3 5
986 2 5 4 1 3
987 5 4 2 3 1
988 5 4 1 2 3
989 2 5 1 3 4
990 1 5 4 3 2
991 2 5 3 4 1
992 5 3 1 2 4
993 5 3 2 4 1
994 5 4 3 1 2
995 3 4 1 2 5
996 4 3 1 5 2
997 4 2 3 1 5
998 3 4 5 2 1
999 3 2 1 5 4
1000 4 1 2 5 3