10 X 10 | 1 0.000000
10 X 10 | 2 0.000000
10 X 10 | 3 0.000000
10 X 10 | 4 0.000000
10 X 10 | 5 0.000000
10 X 10 | 6 0.000000
10 X 10 | 7 0.000000
10 X 10 | 8 0.000000
10 X 10 | 9 0.000000
10 X 10 | 10 0.000000
10 X 10 | 11 0.000000
10 X 10 | 12 0.000000
10 X 10 | 13 0.000000
10 X 10 | 14 0.000000
10 X 10 | 15 0.000000
10 X 10 | 16 0.000000
10 X 10 | 17 0.000000
10 X 10 | 18 0.000000
10 X 10 | 19 5.000000
10 X 10 | 20 10.000000
10 X 10 | 21 5.000000
10 X 10 | 22 10.000000
10 X 10 | 23 20.000000
10 X 10 | 24 30.000000
10 X 10 | 25 35.000000
10 X 10 | 26 25.000000
10 X 10 | 27 30.000000
10 X 10 | 28 40.000000
10 X 10 | 29 35.000000
10 X 10 | 30 20.000000
10 X 10 | 31 20.000000
10 X 10 | 32 30.000000
10 X 10 | 33 30.000000
10 X 10 | 34 45.000000
10 X 10 | 35 50.000000
10 X 10 | 36 45.000000
10 X 10 | 37 30.000000
10 X 10 | 38 30.000000
10 X 10 | 39 35.000000
10 X 10 | 40 60.000000
10 X 10 | 41 35.000000
10 X 10 | 42 25.000000
10 X 10 | 43 20.000000
10 X 10 | 44 30.000000
10 X 10 | 45 55.000000
10 X 10 | 46 25.000000
10 X 10 | 47 40.000000
10 X 10 | 48 50.000000
10 X 10 | 49 30.000000
10 X 10 | 50 30.000000
10 X 10 | 51 30.000000
10 X 10 | 52 10.000000
10 X 10 | 53 5.000000
10 X 10 | 54 20.000000
10 X 10 | 55 25.000000
10 X 10 | 56 5.000000
10 X 10 | 57 10.000000
10 X 10 | 58 10.000000
10 X 10 | 59 0.000000
10 X 10 | 60 10.000000
10 X 10 | 61 5.000000
10 X 10 | 62 5.000000
10 X 10 | 63 0.000000
10 X 10 | 64 0.000000
10 X 10 | 65 0.000000
10 X 10 | 66 0.000000
10 X 10 | 67 0.000000
10 X 10 | 68 0.000000
10 X 10 | 69 0.000000
10 X 10 | 70 0.000000
10 X 10 | 71 0.000000
10 X 10 | 72 0.000000
10 X 10 | 73 0.000000
10 X 10 | 74 0.000000
10 X 10 | 75 0.000000
10 X 10 | 76 0.000000
10 X 10 | 77 0.000000
10 X 10 | 78 0.000000
10 X 10 | 79 0.000000
10 X 10 | 80 0.000000
10 X 10 | 81 0.000000
10 X 10 | 82 0.000000
10 X 10 | 83 0.000000
10 X 10 | 84 0.000000
10 X 10 | 85 0.000000
10 X 10 | 86 0.000000
10 X 10 | 87 0.000000
10 X 10 | 88 0.000000
10 X 10 | 89 0.000000
10 X 10 | 90 0.000000
10 X 10 | 91 0.000000
10 X 10 | 92 0.000000
10 X 10 | 93 0.000000
10 X 10 | 94 0.000000
10 X 10 | 95 0.000000
10 X 10 | 96 0.000000
10 X 10 | 97 0.000000
10 X 10 | 98 0.000000
10 X 10 | 99 0.000000
10 X 10 | 100 0.000000
15 X 15 | 1 0.000000
15 X 15 | 2 0.000000
15 X 15 | 3 0.000000
15 X 15 | 4 0.000000
15 X 15 | 5 0.000000
15 X 15 | 6 0.000000
15 X 15 | 7 0.000000
15 X 15 | 8 0.000000
15 X 15 | 9 0.000000
15 X 15 | 10 0.000000
15 X 15 | 11 0.000000
15 X 15 | 12 0.000000
15 X 15 | 13 0.000000
15 X 15 | 14 0.000000
15 X 15 | 15 0.000000
15 X 15 | 16 5.000000
15 X 15 | 17 20.000000
15 X 15 | 18 5.000000
15 X 15 | 19 15.000000
15 X 15 | 20 15.000000
15 X 15 | 21 35.000000
15 X 15 | 22 25.000000
15 X 15 | 23 35.000000
15 X 15 | 24 30.000000
15 X 15 | 25 30.000000
15 X 15 | 26 40.000000
15 X 15 | 27 55.000000
15 X 15 | 28 45.000000
15 X 15 | 29 55.000000
15 X 15 | 30 40.000000
15 X 15 | 31 50.000000
15 X 15 | 32 25.000000
15 X 15 | 33 30.000000
15 X 15 | 34 60.000000
15 X 15 | 35 50.000000
15 X 15 | 36 40.000000
15 X 15 | 37 25.000000
15 X 15 | 38 25.000000
15 X 15 | 39 50.000000
15 X 15 | 40 40.000000
15 X 15 | 41 15.000000
15 X 15 | 42 30.000000
15 X 15 | 43 20.000000
15 X 15 | 44 15.000000
15 X 15 | 45 15.000000
15 X 15 | 46 25.000000
15 X 15 | 47 25.000000
15 X 15 | 48 5.000000
15 X 15 | 49 35.000000
15 X 15 | 50 15.000000
15 X 15 | 51 15.000000
15 X 15 | 52 10.000000
15 X 15 | 53 10.000000
15 X 15 | 54 0.000000
15 X 15 | 55 0.000000
15 X 15 | 56 10.000000
15 X 15 | 57 0.000000
15 X 15 | 58 0.000000
15 X 15 | 59 0.000000
15 X 15 | 60 0.000000
15 X 15 | 61 0.000000
15 X 15 | 62 0.000000
15 X 15 | 63 0.000000
15 X 15 | 64 0.000000
15 X 15 | 65 0.000000
15 X 15 | 66 0.000000
15 X 15 | 67 0.000000
15 X 15 | 68 0.000000
15 X 15 | 69 0.000000
15 X 15 | 70 0.000000
15 X 15 | 71 0.000000
15 X 15 | 72 0.000000
15 X 15 | 73 0.000000
15 X 15 | 74 0.000000
15 X 15 | 75 0.000000
15 X 15 | 76 0.000000
15 X 15 | 77 0.000000
15 X 15 | 78 0.000000
15 X 15 | 79 0.000000
15 X 15 | 80 0.000000
15 X 15 | 81 0.000000
15 X 15 | 82 0.000000
15 X 15 | 83 0.000000
15 X 15 | 84 0.000000
15 X 15 | 85 0.000000
15 X 15 | 86 0.000000
15 X 15 | 87 0.000000
15 X 15 | 88 0.000000
15 X 15 | 89 0.000000
15 X 15 | 90 0.000000
15 X 15 | 91 0.000000
15 X 15 | 92 0.000000
15 X 15 | 93 0.000000
15 X 15 | 94 0.000000
15 X 15 | 95 0.000000
15 X 15 | 96 0.000000
15 X 15 | 97 0.000000
15 X 15 | 98 0.000000
15 X 15 | 99 0.000000
15 X 15 | 100 0.000000
20 X 20 | 1 0.000000
20 X 20 | 2 0.000000
20 X 20 | 3 0.000000
20 X 20 | 4 0.000000
20 X 20 | 5 0.000000
20 X 20 | 6 0.000000
20 X 20 | 7 0.000000
20 X 20 | 8 0.000000
20 X 20 | 9 0.000000
20 X 20 | 10 0.000000
20 X 20 | 11 0.000000
20 X 20 | 12 0.000000
20 X 20 | 13 5.000000
20 X 20 | 14 0.000000
20 X 20 | 15 10.000000
20 X 20 | 16 10.000000
20 X 20 | 17 10.000000
20 X 20 | 18 15.000000
20 X 20 | 19 15.000000
20 X 20 | 20 10.000000
20 X 20 | 21 10.000000
20 X 20 | 22 20.000000
20 X 20 | 23 35.000000
20 X 20 | 24 45.000000
20 X 20 | 25 25.000000
20 X 20 | 26 30.000000
20 X 20 | 27 40.000000
20 X 20 | 28 45.000000
20 X 20 | 29 5.000000
20 X 20 | 30 45.000000
20 X 20 | 31 40.000000
20 X 20 | 32 30.000000
20 X 20 | 33 25.000000
20 X 20 | 34 20.000000
20 X 20 | 35 35.000000
20 X 20 | 36 15.000000
20 X 20 | 37 35.000000
20 X 20 | 38 10.000000
20 X 20 | 39 20.000000
20 X 20 | 40 35.000000
20 X 20 | 41 15.000000
20 X 20 | 42 10.000000
20 X 20 | 43 5.000000
20 X 20 | 44 0.000000
20 X 20 | 45 5.000000
20 X 20 | 46 5.000000
20 X 20 | 47 5.000000
20 X 20 | 48 5.000000
20 X 20 | 49 0.000000
20 X 20 | 50 5.000000
20 X 20 | 51 5.000000
20 X 20 | 52 0.000000
20 X 20 | 53 5.000000
20 X 20 | 54 0.000000
20 X 20 | 55 5.000000
20 X 20 | 56 0.000000
20 X 20 | 57 0.000000
20 X 20 | 58 0.000000
20 X 20 | 59 0.000000
20 X 20 | 60 5.000000
20 X 20 | 61 0.000000
20 X 20 | 62 0.000000
20 X 20 | 63 0.000000
20 X 20 | 64 0.000000
20 X 20 | 65 0.000000
20 X 20 | 66 0.000000
20 X 20 | 67 0.000000
20 X 20 | 68 0.000000
20 X 20 | 69 0.000000
20 X 20 | 70 0.000000
20 X 20 | 71 0.000000
20 X 20 | 72 0.000000
20 X 20 | 73 0.000000
20 X 20 | 74 0.000000
20 X 20 | 75 0.000000
20 X 20 | 76 0.000000
20 X 20 | 77 0.000000
20 X 20 | 78 0.000000
20 X 20 | 79 0.000000
20 X 20 | 80 0.000000
20 X 20 | 81 0.000000
20 X 20 | 82 0.000000
20 X 20 | 83 0.000000
20 X 20 | 84 0.000000
20 X 20 | 85 0.000000
20 X 20 | 86 0.000000
20 X 20 | 87 0.000000
20 X 20 | 88 0.000000
20 X 20 | 89 0.000000
20 X 20 | 90 0.000000
20 X 20 | 91 0.000000
20 X 20 | 92 0.000000
20 X 20 | 93 0.000000
20 X 20 | 94 0.000000
20 X 20 | 95 0.000000
20 X 20 | 96 0.000000
20 X 20 | 97 0.000000
20 X 20 | 98 0.000000
20 X 20 | 99 0.000000
20 X 20 | 100 0.000000
25 X 25 | 1 0.000000
25 X 25 | 2 0.000000
25 X 25 | 3 0.000000
25 X 25 | 4 0.000000
25 X 25 | 5 0.000000
25 X 25 | 6 0.000000
25 X 25 | 7 0.000000
25 X 25 | 8 0.000000
25 X 25 | 9 5.000000
25 X 25 | 10 0.000000
25 X 25 | 11 0.000000
25 X 25 | 12 0.000000
25 X 25 | 13 0.000000
25 X 25 | 14 5.000000
25 X 25 | 15 15.000000
25 X 25 | 16 15.000000
25 X 25 | 17 10.000000
25 X 25 | 18 10.000000
25 X 25 | 19 20.000000
25 X 25 | 20 30.000000
25 X 25 | 21 25.000000
25 X 25 | 22 25.000000
25 X 25 | 23 20.000000
25 X 25 | 24 40.000000
25 X 25 | 25 30.000000
25 X 25 | 26 40.000000
25 X 25 | 27 25.000000
25 X 25 | 28 40.000000
25 X 25 | 29 20.000000
25 X 25 | 30 40.000000
25 X 25 | 31 30.000000
25 X 25 | 32 10.000000
25 X 25 | 33 25.000000
25 X 25 | 34 15.000000
25 X 25 | 35 25.000000
25 X 25 | 36 15.000000
25 X 25 | 37 5.000000
25 X 25 | 38 0.000000
25 X 25 | 39 0.000000
25 X 25 | 40 0.000000
25 X 25 | 41 10.000000
25 X 25 | 42 0.000000
25 X 25 | 43 0.000000
25 X 25 | 44 0.000000
25 X 25 | 45 0.000000
25 X 25 | 46 0.000000
25 X 25 | 47 0.000000
25 X 25 | 48 0.000000
25 X 25 | 49 0.000000
25 X 25 | 50 0.000000
25 X 25 | 51 0.000000
25 X 25 | 52 5.000000
25 X 25 | 53 0.000000
25 X 25 | 54 0.000000
25 X 25 | 55 0.000000
25 X 25 | 56 0.000000
25 X 25 | 57 0.000000
25 X 25 | 58 0.000000
25 X 25 | 59 0.000000
25 X 25 | 60 0.000000
25 X 25 | 61 0.000000
25 X 25 | 62 0.000000
25 X 25 | 63 0.000000
25 X 25 | 64 0.000000
25 X 25 | 65 0.000000
25 X 25 | 66 0.000000
25 X 25 | 67 0.000000
25 X 25 | 68 0.000000
25 X 25 | 69 0.000000
25 X 25 | 70 0.000000
25 X 25 | 71 0.000000
25 X 25 | 72 0.000000
25 X 25 | 73 0.000000
25 X 25 | 74 0.000000
25 X 25 | 75 0.000000
25 X 25 | 76 0.000000
25 X 25 | 77 0.000000
25 X 25 | 78 0.000000
25 X 25 | 79 0.000000
25 X 25 | 80 0.000000
25 X 25 | 81 0.000000
25 X 25 | 82 0.000000
25 X 25 | 83 0.000000
25 X 25 | 84 0.000000
25 X 25 | 85 0.000000
25 X 25 | 86 0.000000
25 X 25 | 87 0.000000
25 X 25 | 88 0.000000
25 X 25 | 89 0.000000
25 X 25 | 90 0.000000
25 X 25 | 91 0.000000
25 X 25 | 92 0.000000
25 X 25 | 93 0.000000
25 X 25 | 94 0.000000
25 X 25 | 95 0.000000
25 X 25 | 96 0.000000
25 X 25 | 97 0.000000
25 X 25 | 98 0.000000
25 X 25 | 99 0.000000
25 X 25 | 100 0.000000
30 X 30 | 1 0.000000
30 X 30 | 2 0.000000
30 X 30 | 3 0.000000
30 X 30 | 4 0.000000
30 X 30 | 5 0.000000
30 X 30 | 6 0.000000
30 X 30 | 7 0.000000
30 X 30 | 8 0.000000
30 X 30 | 9 0.000000
30 X 30 | 10 0.000000
30 X 30 | 11 5.000000
30 X 30 | 12 10.000000
30 X 30 | 13 25.000000
30 X 30 | 14 0.000000
30 X 30 | 15 15.000000
30 X 30 | 16 15.000000
30 X 30 | 17 20.000000
30 X 30 | 18 15.000000
30 X 30 | 19 35.000000
30 X 30 | 20 20.000000
30 X 30 | 21 45.000000
30 X 30 | 22 55.000000
30 X 30 | 23 25.000000
30 X 30 | 24 40.000000
30 X 30 | 25 30.000000
30 X 30 | 26 40.000000
30 X 30 | 27 15.000000
30 X 30 | 28 30.000000
30 X 30 | 29 15.000000
30 X 30 | 30 15.000000
30 X 30 | 31 15.000000
30 X 30 | 32 15.000000
30 X 30 | 33 15.000000
30 X 30 | 34 5.000000
30 X 30 | 35 10.000000
30 X 30 | 36 5.000000
30 X 30 | 37 5.000000
30 X 30 | 38 0.000000
30 X 30 | 39 10.000000
30 X 30 | 40 10.000000
30 X 30 | 41 0.000000
30 X 30 | 42 0.000000
30 X 30 | 43 0.000000
30 X 30 | 44 0.000000
30 X 30 | 45 0.000000
30 X 30 | 46 0.000000
30 X 30 | 47 0.000000
30 X 30 | 48 0.000000
30 X 30 | 49 0.000000
30 X 30 | 50 0.000000
30 X 30 | 51 0.000000
30 X 30 | 52 0.000000
30 X 30 | 53 0.000000
30 X 30 | 54 0.000000
30 X 30 | 55 0.000000
30 X 30 | 56 0.000000
30 X 30 | 57 0.000000
30 X 30 | 58 0.000000
30 X 30 | 59 0.000000
30 X 30 | 60 0.000000
30 X 30 | 61 0.000000
30 X 30 | 62 0.000000
30 X 30 | 63 0.000000
30 X 30 | 64 0.000000
30 X 30 | 65 0.000000
30 X 30 | 66 0.000000
30 X 30 | 67 0.000000
30 X 30 | 68 0.000000
30 X 30 | 69 0.000000
30 X 30 | 70 0.000000
30 X 30 | 71 0.000000
30 X 30 | 72 0.000000
30 X 30 | 73 0.000000
30 X 30 | 74 0.000000
30 X 30 | 75 0.000000
30 X 30 | 76 0.000000
30 X 30 | 77 0.000000
30 X 30 | 78 0.000000
30 X 30 | 79 0.000000
30 X 30 | 80 0.000000
30 X 30 | 81 0.000000
30 X 30 | 82 0.000000
30 X 30 | 83 0.000000
30 X 30 | 84 0.000000
30 X 30 | 85 0.000000
30 X 30 | 86 0.000000
30 X 30 | 87 0.000000
30 X 30 | 88 0.000000
30 X 30 | 89 0.000000
30 X 30 | 90 0.000000
30 X 30 | 91 0.000000
30 X 30 | 92 0.000000
30 X 30 | 93 0.000000
30 X 30 | 94 0.000000
30 X 30 | 95 0.000000
30 X 30 | 96 0.000000
30 X 30 | 97 0.000000
30 X 30 | 98 0.000000
30 X 30 | 99 0.000000
30 X 30 | 100 0.000000
